16.4,73614,24051,0
9.0,74045,17564,1
7.2,63820,14026,0
7.2,69841,12870,0
7.5,106959,23882,0
7.9,66927,16472,0
9.6,60855,15101,0
6.8,71746,14151,0
5.5,76012,13215,0
8.0,69528,15032,0
7.6,72389,13973,0
6.5,108521,22134,1
9.0,84233,19655,1
7.3,82147,13362,0
7.0,68623,13830,0
9.5,90486,27469,1
6.5,64646,13332,0
7.3,86439,20693,1
7.1,72718,14706,1
7.6,70207,14233,0
10.1,77095,17917,1
6.7,82737,13948,0
8.4,88730,20626,1
7.1,73603,15105,1
10.4,69078,19110,1
6.6,84400,14839,0
7.1,69669,12154,1
7.8,80612,15224,0
6.6,86843,13852,1
8.6,83843,13852,1
6.7,68671,14843,0
8.9,88028,22621,0
7.3,92112,14100,1
6.6,91507,18058,1
7.7,73041,15187,1
7.3,83132,16528,1
8.1,70340,14431,1
7.2,96011,16137,1
8.0,73596,15244,0
9.3,75758,18195,1
7.9,74584,16261,0
8.1,85829,17545,1
7.4,71972,13897,0
7.6,68606,14222,0
8.4,91298,16036,1
9.9,60428,16670,1
6.7,72787,15848,0
7.4,78535,15407,1
7.2,67978,13738,0
6.7,80521,14644,1
7.7,73616,13951,1
7.8,87142,18534,1
9.3,60928,17014,1
9.8,75891,18634,0
6.8,90989,14759,1
6.7,71667,13074,1
8.5,70262,18529,0
10.2,77631,20961,0
6.3,88470,13884,1
11.5,69346,26471,0
6.8,98442,19163,1
10.2,66245,23159,1
6.2,97199,17680,1
8.4,63840,13595,0
7.2,73832,14982,0
7.6,77418,15691,0
6.6,80122,13407,0
7.8,90310,15166,1
8.8,91598,20145,1
8.3,70795,17256,0
7.7,87731,19313,0
6.5,83423,14596,0
8.0,69371,15358,0
6.7,67260,12575,0
8.0,76495,15968,1
9.3,65855,16647,0
7.3,86663,14861,1
8.4,86833,19095,1
9.1,73229,15267,1
8.1,72148,17626,1
8.5,55093,13374,1
7.9,75444,17107,0
8.9,78790,23064,0
6.9,87875,15800,1
8.8,83871,21494,0
9.2,93147,16631,1
9.1,79740,19210,1
7.4,76735,15202,1
9.6,63373,16775,0
8.6,78636,17674,1
8.3,76644,15684,1
9.0,97697,21200,1
5.6,81630,12489,0
8.4,94068,18279,1
9.0,99594,24478,0
7.1,78281,13865,1
8.3,64255,18677,0
7.6,73252,15673,0
8.3,64765,16722,0
8.8,65216,15943,0
10.8,70267,26891,1
7.8,69042,14521,1
12.6,74577,29746,1
5.9,83062,14635,1
6.7,67437,13443,0
6.9,71776,13076,0
7.5,87692,17267,1
9.7,72075,16745,1
7.2,85512,15376,1
8.2,102023,23611,1
8.0,68706,16916,0
7.4,60948,15395,0
8.0,65865,15236,0
8.5,92907,18321,1
7.1,64862,13554,0
8.3,63447,16564,0
7.6,59841,14144,0
7.1,83790,14185,1
6.7,71117,22077,0
6.8,80596,14461,1
6.7,66082,13499,0
9.2,83864,16738,1
8.6,74208,15287,0
7.5,68083,19140,0
7.1,74987,17835,0
8.1,80058,16153,0
7.5,66882,19579,0
6.7,76369,15766,0
9.8,84244,19333,1
7.4,73190,14894,0
6.4,76988,13530,1
8.5,62011,16472,1
7.3,72385,13829,1
6.7,96737,21837,0
7.8,98203,18976,1
6.5,73162,12676,0
6.1,95173,15185,1
10.7,89610,18274,1
9.1,72476,15427,1
9.7,89474,20191,0
8.4,82049,15643,1
5.2,82587,13692,0
9.3,66663,16054,0
9.3,80045,19059,1
9.2,72980,16805,0
7.0,67304,13658,0
7.8,69743,16414,0
7.9,80486,16765,0
8.7,79409,17822,1
7.1,70655,14158,1
9.8,58382,15359,0
7.8,79406,16647,0
8.5,74688,16105,0
7.6,86819,14077,1
7.9,66037,15309,0
8.2,81210,17454,0
8.2,75440,16466,1
5.3,89430,13335,1
6.0,89651,13103,1
7.2,77498,16816,0
6.1,80715,12976,1
6.8,89901,13624,0
8.2,85484,18287,1
9.5,89287,24273,0
7.1,94399,17920,1
7.4,103011,23988,1
6.4,62719,10416,1
9.5,63843,16696,0
7.2,90181,16654,1
7.1,87622,15240,1
8.8,95487,23972,1
6.6,73935,16098,0
6.9,88401,14176,0
9.2,91626,23276,1
8.4,74824,16125,0
8.5,96514,16820,1
7.0,77110,14806,0
7.0,78729,14742,0
10.0,68573,20109,1
10.8,56350,18750,0
11.2,83754,25772,0
6.1,96430,13213,0
8.5,77196,17533,1
6.2,74416,13871,0
8.2,64647,15871,0
9.1,79784,18130,1
7.9,67685,16719,0
8.2,94851,20054,1
6.8,77186,16100,1
6.8,66897,15369,0
7.4,61699,11630,1
7.4,64784,14295,0
6.2,69846,13191,0
5.2,90873,13955,0
6.7,107796,16747,1
12.9,61243,21056,1
7.6,70758,14546,0
9.7,63819,15658,0
8.6,76054,17587,0
7.1,88305,13933,1
8.9,68825,17109,0
12.2,72431,20755,0
7.1,70268,15825,0
6.7,84140,14591,1
6.8,70145,13413,1
6.5,75642,14539,0
8.1,71093,17074,0
8.2,79344,14558,1
10.0,92611,19544,1
6.7,85560,14532,0
6.9,66705,15895,0
7.8,72523,17200,1
6.7,78818,13670,1
11.6,82750,24753,1
10.0,85271,18894,0
7.1,79871,14271,1
10.0,79751,15713,1
6.6,77476,14309,0
7.7,70292,16202,0
8.6,92398,24338,1
7.1,74021,13839,0
5.8,82188,12237,0
9.5,54368,16162,0
7.5,81175,15584,1
6.6,78794,13378,1
7.6,91607,15295,1
7.5,76829,14107,0
7.1,76520,13263,1
7.3,75117,14660,1
7.1,75495,12959,1
6.6,69940,13168,1
7.0,74316,14607,0
7.9,80362,15519,0
6.6,73744,12826,0
6.6,75931,14216,1
8.5,54578,13830,1
7.7,72190,14556,0
12.8,80722,30751,1
7.6,82082,18200,1
12.2,63281,26099,1
9.3,87463,20922,0
6.9,48928,11992,0
7.0,86544,14778,1
7.0,75210,14149,1
8.2,84097,16176,1
6.9,96615,22127,1
7.0,78636,13839,1
6.5,73216,13289,0
6.7,94040,16187,0
7.4,90158,16177,1
9.6,78088,20866,0
8.7,75346,18988,0
7.2,84596,15070,1
7.2,87451,14516,0
7.1,67762,14696,0
10.9,63870,16972,1
5.9,67939,13766,0
7.0,72994,14150,1
12.2,90799,27623,1
7.4,73541,12459,1
7.6,94535,18533,1
7.8,80375,16549,1
6.9,71247,13410,1
8.3,92779,21178,1
6.7,81933,15756,1
9.8,93368,29110,1
9.0,73781,17128,1
8.6,68559,15021,0
7.1,62915,12481,0
7.4,91254,26125,1
8.1,84868,17674,1
7.3,87779,16532,1
8.6,68744,14625,1
11.2,77440,21178,0
9.4,53852,16803,0
7.9,66245,16053,0
6.1,68893,11253,0
9.3,69314,18525,1
7.6,84406,17316,1
8.0,75674,15527,0
7.4,89619,15855,1
6.2,83677,12793,1
9.5,69919,15412,1
7.1,92466,14210,0
7.0,78909,15279,0
7.1,64982,17543,0
7.5,74788,13146,1
7.2,88369,16643,1
8.4,72618,18516,1
11.0,83689,26628,0
8.6,68115,17366,1
7.1,83023,15326,0
5.7,79400,16460,0
8.0,79093,16375,0
7.1,62466,12635,0
7.3,77652,13438,1
8.1,69409,12973,0
7.9,80150,14437,0
5.6,76510,14379,0
10.5,61597,16896,0
8.3,78020,219999,0
5.5,76815,11641,0
7.0,66482,13072,1
8.9,83451,19303,1
9.3,58122,16886,0
6.1,93844,13194,1
7.0,73113,13305,0
10.1,77254,21143,1
8.9,66629,15511,0
9.6,71893,17065,1
6.1,76555,13165,0
6.9,62903,13026,0
8.9,69361,14878,0
6.4,65901,13503,0
8.9,102099,24988,1
6.4,,79721,12368,0
6.9,86671,14970,1
7.8,77042,16559,1
8.6,63326,15635,0
9.3,70219,16281,0
8.6,83806,15980,1
7.8,77006,15384,0
6.5,69625,13615,1
9.3,78295,19217,0
8.0,88201,17832,1
10.2,73068,20946,0
8.2,76734,14819,0
6.8,83356,15839,1
5.5,77194,12910,0
5.9,86825,14885,0
9.3,96184,21001,1
7.3,77146,16524,1
9.0,67013,24347,0
8.0,65888,17807,0
7.5,64401,14377,0
8.0,75387,16136,1
8.8,74926,16188,1
7.4,79722,15611,0
10.4,77603,18441,1
7.4,94708,16210,1
8.5,92287,22187,0
8.0,81107,16430,1
9.9,63234,16232,0
6.9,61812,16377,1
8.2,75768,14752,1
9.9,77465,19351,1
7.9,67373,14043,0
6.4,68031,13448,0
7.4,76992,18192,1
7.2,95728,23394,1
6.2,84751,13199,1
7.9,90569,18436,1
8.0,68482,15093,0
5.5,92702,15432,0
6.9,63281,12900,0
8.7,67331,14125,0
6.5,80233,13194,1
8.7,80906,15105,1
6.9,105393,23505,0
6.9,71496,14542,1
7.0,75997,13220,1
6.3,66061,10769,1
6.3,78533,13236,0
6.7,79600,11943,1
8.6,61184,18013,1
7.7,93961,18544,0
7.2,79800,15113,1
10.2,95939,29733,0
8.4,80964,16994,1
8.4,91026,22980,0
6.9,80432,14611,0
6.8,83122,13491,1
6.6,78738,14205,0
6.7,88262,13808,1
7.8,79009,15585,0
9.0,93833,26610,1
7.6,70881,14026,0
8.7,90634,19417,1
6.3,67294,12737,0
8.0,84258,16673,0
7.2,79703,16752,0
10.9,57881,17176,0
7.2,105277,23468,1
8.5,87014,16643,1
8.2,69846,13409,1
6.9,74461,14446,0
7.0,65841,13314,0
9.1,69185,18146,1
8.6,72262,18067,1
7.1,77515,14046,1
7.9,81673,14399,1
7.6,96857,25692,0
7.5,84369,14175,1
7.5,84913,15212,1
7.7,84764,14491,1
8.9,66558,15837,1
8.2,91651,19861,1
7.3,77465,14286,1
7.6,93808,22606,1
6.0,84214,19948,1
7.3,68202,16452,1
7.1,74250,15880,1
5.8,75582,13210,0
8.3,63948,16755,1
7.2,71441,15318,0
7.5,72037,13924,1
9.1,70221,17424,0
7.9,82315,13847,0
6.9,68280,13061,0
7.9,72042,14200,1
9.8,79034,18460,1
6.6,78709,14217,0
7.8,82020,15667,1
5.7,89063,14395,0
5.0,97130,19609,1
7.0,76553,13159,1
7.2,85015,15206,1
8.1,94393,26909,1
9.2,79851,18448,1
8.6,75877,16950,0
7.9,98497,18979,0
6.1,85444,12258,0
6.8,92519,18478,1
8.0,67279,16096,1
7.8,78051,15516,1
9.6,65423,16398,0
7.5,71693,14043,0
9.5,88934,23034,1
6.9,69260,12910,0
7.1,71376,13356,0
9.2,73721,15868,1
8.0,101178,25138,0
9.3,100485,26263,1
7.8,56690,14594,0
7.1,82201,15038,0
7.0,87241,17027,1
8.7,84338,17302,1
8.9,73287,17342,0
7.5,83818,22157,0
7.3,97751,23015,0
10.1,88660,29010,1
6.4,65138,14245,0
8.9,73876,17903,0
7.7,90137,16722,0
6.6,82369,16917,1
7.9,98429,19702,1
7.8,78059,16303,0
10.7,82876,22095,1
7.0,69098,15463,0
6.9,82820,14898,1
8.5,101344,19609,1
9.2,88085,20048,1
7.4,81710,14072,0
8.9,71223,15867,1
7.0,81875,14264,0
7.9,81732,14522,1
8.3,62263,14261,0
8.5,63130,14687,0
6.6,78671,13758,0
7.9,66891,14398,0
5.7,83290,13824,0
8.5,58741,17526,0
6.5,78033,13702,1
8.6,78630,14743,1
8.4,72923,17837,1
8.2,84712,18620,0
7.4,76328,17052,1